$ANSIBLE_VAULT;1.1;AES256
63356535326534613837363766643964383436633662623362306565336433316530616434326237
6635346665386532633561323333363164646665346364370a653062363335366465393632303364
39326237643263663639656331393533346631336361333764656261653764346564393163303736
3235346631633661640a386439656533393861366631653738613739363136613831393237656236
62376331383538386537393166646462363135323264653863323163346534373166333231303038
65356530333732373536656438306166333761383833386534636536306535323337323166363163
30353666623031653261636666373763316361333431313433333365306231353738316533383730
38623039626534336235353730376232333161373633343136373837393638396466333965663162
63643961386566323733386632336463366461366263616235366136636566326361643766656531
39633235623734626431636132366139663461373966373265373931653735343934356362323262
62313230363739376432363564386330323366666235656133326361636438383739393033643433
33353961643732383731383836646139643238313836323238323430643838373963626132356533
31326639633332336536653863306539376235356661383539366261613266623037613665613231
63653164623561306532656431383061653839323136343239346137306265393966336134306231
63373636383631323361646238373566623134613065623661356431643334306239333064353736
65336236336439386231386265616562353833313663616133616434306562303831656464366639
61616334303766633736323462333632346261316639373666316638633435363338396237376662
30343034346439626433636531323864663861653039633733633133653234666330643664323638
34386230326337663966343137313234393630666566346333393263323263346535663562363238
34663037356134343731643139353831313037643032326635613138396437363566376634353434
62336362656464636133646233386563333762623433616534653165653437653764626434386634
38353535626233303136303939333832656537313739636266636237656364633037646631396530
39333530626539326630343137383336313836313035626438653263643765663165383130626333
30393832366264343966343335366666366635313738363836383631316134616165623234656465
66663337633635343464333862353934666332346635343333363532393036356163363664363965
62313730663962623661323332343338393465623834643936363339316332373634376166396566
64613163343061633336336636616337306361333039316539656233343261326436383934303461
36613939396132666234353339623462623161666361323639636631653337356137663064333830
39343330393633626264386537666235356138616531346564353161643031363963626339336432
32353461363463323734613034306165323430616133646433636464623832313538613162643264
34363163306532666233613735316662303939393538373761373534316639373438656232373164
66316334326131633930366635333133303138643231663664376461343935316338323663653038
37623635633261363633303163386433333535663733353765336435613630363064663339373538
64303736653535633361376339333636343831666461323265313137393863666463343065306232
64316239373635313337643038303631343938633136373361396463653036376635313530323133
31383365323166646631663266613339656439636333643735303132653937303231343735303863
37623661613639623134613361333439343731643039396662666566643666623630623462663435
32663165383839356231353334383631303563363061613766303839316636666630613832363134
35643133653036353830663136616332393732643439306532333936333164363639386163376431
62656338643837663736326664616436663766653362393938316266363031386635613261383866
32323632323236333031303562353534333834396463336262353631353065306561396133336635
38663364356138363862396163383664313035386262336535376561303838333731366237626361
35613961316361646362363834653461363731646534393965336463386236643034303231633235
65356238343836333765353663353331313466656137383239613562646462653635363731343161
31333961336163333630613466393366623034356533323135653039636265636161383932333965
33313133323139313431353365393530376339336137363231343966383837343231366133323933
35323663343263353166363835633433326130653630353539653534353235386663393531656563
37643766333733663666643166643832336238376134323235363731363839303164346136363662
65653364396237353762633665613334356661636265346465633132626236366536626238393837
32623531313033623463376138343865636462326166383266636165663261626239626432636162
63356636616239353133653838316539333732333463666536623263633961616562383364353861
38383362303861333833316564393032653766376435623739386563316665393661613935363862
65653664393064393231643138646338373336636637343964323033313738333632633538616635
63636238373862316638616562373162636364626230363934323738316364356237643061383666
66393334343463393761343339643061393831313433323833653537636536356263353833633130
63656561306532663864353330363536396235386235626539646361336434356332633333663836
63616136383935623663356433356266663838376432313134323239323333643438656262653038
61373665373265343362623062376662306466346635303763663061623061666439663134303234
30303930386561363034626536626163323962326265393132353536306531643563653139393163
63333430633966393262396235643764623562333735616666313061623764393037326339386430
61393461616562386535343465343730333032386661656630646232323739356639313631636332
39663338626466613231353863613361326561353133616138633461616539613133666363333531
63363930303636333766616530663266616134666664326531613339623132366536653431643532
39343431623261363365636661616633353163303133373131336563343935623561633139626532
34363462333335383039326166303634626164316236373130616638613832333730316437323934
35383638303966636339356363343363646435646562636336326630633531643932643639386633
39366462383136323833353064623833663130383866306635376433383838353239643733373431
63616339376138306238643933626433303965646466323830646133643031623230376339623131
61663339643138653039363935393761346265396365393337393938383562623132323763653734
33646637343765373135313333646166616636343236303939633931386531386438353336623663
32323839323232626361323461326337303461636131363538393363353534323439643237623239
66316263613061633865656435303831386639613333626632366562616362663265643561623132
34646336653233623039333262346639323663663532383562376132383066636130656336663339
61633137306639383063646231393034356338343235613939656130313034613736626630303362
38613262303762383036623838336364653165333832373864643033616638396462313937616432
34616462386161623835303039313637306134353265663033623239343563343066616238666331
31313866633733663066396338653364623437333765643739383362316337363238633132653933
32316335626466663033633630313436376231336539306630316134366362303835663164366237
33323463346363353562623033623962386138383432383237363839663137363661336666633832
32363261303737363938663461623963636439336166656637366135363866383530643736316131
62613238643331643237666366336666313137653333343239396333656462343238656437393530
37313661363865326639336335643561623862356466356363363739616530363236393937643938
63626134613634626539363838346637346433316139353066383036333165336634653061346331
31613166363436363365613032643330346561656162636235343765353366643036393662633434
62393234373264386238663739356161643966333130653166366431383631633265313531663631
34376236376662343038663062653164613036343130313766303861663438616436303233396662
65353635633834383765393534626633393333356132626636623034626235663538346565663830
35303633386638333663353034646466353635353131623334326231666566346136383336626361
62346134613664393338373461393333636339633964663362303562313965396465616535353936
35303733613135303466333332333639333866643532303161646338356431386466393263326463
33316634646434353835643637306161343535353630363136323036613037643664303539306562
34366232393266303638643766386236346562663237356632623439613332323331613831326637
65633766306662653733303363623933646666353537633035393262313837326363633862303737
66656635666361363062356337353732333732356138363732326431643464336330663563663939
39323639663830383830656239373039623237613534353333633165343863353830313533346237
35336131303863353936373035646265653064313866616134303766636138646665353666656432
61623131383161363736393837666131623039656136323331323931663466363362313738633366
65336139376237373163653537396137333565643664393862366336383062376334643766663461
36343335353265666666376663343836336633333131643938333638646337333961633135393261
62383934656435653263303738363034656363643966646530623863313763623937663631356538
30613333306638343162353264376230316263376636353432323861633839646631656437326663
61653936616537616663663263633961346139363461383061376531353737616335323136626134
63633565313235656461636336366636376265303365646264616538316363363430646136633130
38313231633362303562336563316634653437326534663331646361653133373030303432323762
37343961646638333063653139303635373464343036326338373866343561623632346532633864
63636232383336356537323930363564333939623864663336383563643137393330353662643234
63663930636230336332356235613430616134336261333561313864643864373837373039616535
66633731643166363766646663326261336530346461326335303862343739376630313838353439
37333033653565323365643036663363376430616663613038323939613439633931666666353663
61663339353639343933323030323632646263376435343631373162623331363432363336663661
38656436363737616534623331363131326439353731363933313361663666393731376661613037
39613866366435303435313635313065313764313265646362303861663035653662636438653833
31663865653830343761313834303931656564326531613132323932663332306464623265373437
31666632626462356161396662336434383237346130346365373933313430386631373263636239
633639313862393137653732366637356465
