$ANSIBLE_VAULT;1.1;AES256
33356132363162373336643364396135376630633038366437643064393862393334353530663035
3033616363666436386236623064663763316632643838610a386137643037643065303933323237
63643861643035633637393130633633623532613936383630643534386161623433363932636361
3634326430623035350a613362326464663965633464643534613239623637623232323039616430
65663739353339336436353830396630643831383036353661376264663830363263396130656136
34613330336536383061343533633761366264303434303632323961333663653163663334343865
38626262396534656535373234656436326264626533363061633439353966303831356336303261
65386632363433343032373264303365353634363066383239393338643566653938333264613763
39656261353139303231323638323365393535333530653431343930316634333561333235353465
33333435306463383335353635386334653638386465333066393963363766316562646363613332
32613563613766396165623466333161353734393961316330633734643065306434346161663635
62363838613531333332393231626664663864366162373237646337623831626631383230386437
33386637316436393631333034336239323930363364393036653961396139316138
