$ANSIBLE_VAULT;1.1;AES256
65306637313330653835323430336637666434626661323535386263316564623639633633656463
3163616431313963366266303163343036363861663632340a393234613231343963633431653337
31336636363432333461316333323930646536633762626336633539616163633665356432626134
6263336166303165390a313866353536363566313334363563646532633562393839356165663261
63643332663639353137643665653130336636383234633937323433333839303137383930353433
33323963373139643466323236336262396638303563306530393366303861393464306334663237
31326262363861616633373164396466643164383532666133636538303164386438333633333235
34383635633635623437316437383339363863383830356561613136626332623832646563636664
61653262653533303736393466626562636161616162306134613262393935626462393238663961
35323932393435623531343231626532316561353034386664373739623233643762393661363332
64396262386235356433343236396661326639633439643561333364636235633138313731363664
39316632323531626530623937333562653165343737633761343432376565373933333961643333
34383330633964396366363836636263363763396330386136316366353736636462646632303039
64373934613863373364663031363432623136623963303039663063396235653738613230373864
61376232353431656537356632633563376666373163373633616130333834386538393165303465
38373163646364383835373064666362383933373561643965373435306265616337656238666461
35313262363431313165366131613765643735643566613531646630666335343461663661373164
6530613432323630326666326465396632653733646530303361
